= = 1 ,
-11111111 111111 11111111111111 1111111 1111 11111111 1111111111 11111 {1¹21qu

’11111111 111111 1111111 111 1111111111 11111111 11113111 11111111 11111111 ’
1111111111111111111111 11111 1111111111 111111111111111111111111111 ,
1111111111111111111111111111111111111111111111111111111111111
1111111 1111 11111111 1111111 111 1111111111 11111111 1111111 1111111111 111 “

’ 11111111111111111111111111111111111111111111111111111111111111111111 ”
1111 111111131111111111111111 ,111111111111 11111111111111111111111111111111
1111111111 1111111111 11 111111, 11 11 1111111111111111111111111111111111111111

-1111111 ;11111111111111111111 111111111111111111111111 111111111111111111 ⁸
1111111111111111111111111111111111111111111111 1111111 11111 1111111111 “
11111111111111 11111 11111 111111111111 11111111 111111 1111111111 11011 1111111
-111111111111 1111111111 11 Ι1111111111111111111111111111 111 11111 1111111 mh 1,(
111111111111111 11 1111111111 11111111 111111 1111111111111111111111 11111119
1111ε11111111111 111111111111111 11111111 11111111 111111 1111111111 ,
11 1111111111 1111111111 1111111111 1111 1111111111 11111111 111-τ, 1111 1111 ¹
.· -111111 ’1111111111111111 1111111111 1111111111111111 1111111111 1111111 -
1111111111 1111111111 1111111111 11111111111111111111,1111111111111 11111111

11111111111131151 1111 11111111
, 111111 ,111-111 111111 11111 111( 111(
,11111 111) ,1111κ 11111111 (14111) 111 111111 11111
1111111 1111 11 11ς101111111111 W* 1 ff? 11 111) ’
1111111111) «sm “¹54³ (ch 1 111 1111 111 ‘W ,
’ 1111 1111 111111 11110 111-11111 ³0 111 1111111111
11111 111111 11191) 111 1111111111 1111 1111111 11111 ”
(3525ssva 11111611 1( 1111 11111141 Μ, 1117111 ’ΝΠ 1ΕῆΗῈΕϋῑΩ1-11111ῘΞ ¹
ξίν w m 1151 1111115111111 ‘m ’111 <W 111-»11191
1111 111 1 ‘W‘ 1 111111) 11 ’1111 1111 11111 11511
(1111111111111111 11111ιν 11111111( «1111101119 1
&a ff 111»,πο 1· 11110 0111· 311151 (11111 41141 1610 ,(51
111 ,1111111111 11111111 111-’1111111111 11111 111111ι 1

(1111111100- 1111181111 (111 ,1111ῼἛὉἯᾞ uffo) 5535&

’11

 

