899899 ¹151'''·19[os“e.1101301 999999999999991999 99999999 ’999 9999 999999
9999999 999919 8999999999 999 99999 9999999 9999999999. 999 899999
99999999 999999999999999 99999 99 8999999999 999 99 9999999999
99 999999 99999 89999999 9999999999 89999· 9999999999 99999999 999 .‚
-99999 99 8999 9999 89999991 9999999 99 99999999 9999999 9999999999 999 ¹„
89999999 9999 99999 8999899 ,9999999999 9999 8999991999 9999999999 99999 1
9999999999 9999 89999 9999999999 9999 9999 99999999 9999999 999
99999 99999 899999 99999 99 999999 ’9999999999 9999999999 9998 9999999999
· -99 999 9999999999 99999999 9999999 999] 9999999999 99999999 9 9999999
8999 9999999 9999999 999999 99999999 9999 9999 9999999199999999-99
. 9999 9999 99999999 9999999 99 999999 9999 99 9999999999 9999999999 99 99999999
99999999 999 ·98( 99 999999 99999 999999 999999 99999 9999999999999 9 8999999 ’
919999] 99999 999999 9999 99999999 999 99999999 99999 999999 9999 3
999999 99999998 9999999 99999999 9999999 999989 999 9999999 99 9999999
¹ 999 [99999999999999 9999999 999999999 99 99999999999998 99999999
99999 99999999 9999999999 9999999999 99999 99999 99999999999999999
999 9999999999 eq 99999999 999 9999999999 9999999999 9999989 99999

999 99999(8 1:16. ( 9998-989 (9 ’

y · mm& 6:666&mut-61¹¹(f'p00111ssseepc'6ff 9999( v

66³³606‘6 9989898598989999 666 .
88888 988888 “6560 988 9999 9899 9899 §6161 988(8 ((88 99
mmwwffimwffiufffflwfflffl“
(9989( 988 ‘W 99 8989 «88 1616m 99888959 999989 9889 ,
1 88889998 98 616‘616 988 6 9998888 8988989988898898 ’
1⁴:516 (gorm-‘w «99999 11³1 11⁴0 2³ gvssof' 99 9) 999( <6550 ἰ
89999899999998* ιω9989888899
’888 988 88889888 (88988) 999898888989998888
· 88889988 ”·.888888(8 (888988) 8888898899 ⁵62 9888889) 6511'6
799999( ‘565³ 99ςῲ9 ,(9 mm 1⁰⁴⁵'k‘5ffl6‘01ssfflss‘16‘6 99199999( (Μ
889889999899999 98999

,Χ 898 998888 (988 ‘iv-‘³6 99889888 99888 661³ 99 9«9
’8889 8888898989 88 16 888).9 988 89988988 889888 889)

661

 

