9911911 (1199991991) (9999119999 99 9999999999( 9919119911Ι 1199 ,1919199199 1999
1999191191999999919919 9999919199 99 911 991111( 99191119( (19

999.99919’919’(999199199.999 9999 9999191919 99 11999911999999999199

. 91999991 9999199999 9191991111 (999 9 919 H) (11 1111191119
1119191119 9191199191119911 9111199 99999 9911 1119) ..1119191191 (91( 91 (11 ‘q
¹. 39999)911(111ο911191919(199191191191111111 11111111999911199111111111111191
(9111119119991991111919919199111119(1991999991(1991999999(9(199111)11111111
ι-111199191111111111119111191111191119999199999991139991999999991999999999
-991 1199919119 9919 99 1911 1919 9999 99911 99999999 999 1191) (1111199 99999
-919199911 999 99 99999199 99 9919 9111199( 9999119991 9991119 91199999) 99 9111 9 9919
9919199911(999999991999119119991919991999999 9191199991119991191919999911
’1999999199 9999 9999919999 99 991999 9911999 91199999 9991 1111999191 p 991999
9, -19 9999191119 991( 9191919 11999111( 9911)(99 9919919 9911119999 9999199999(
’99199199 9119 91999919 99 ’99999999 99199991 (11999999 99111199( 91119 911999
-1(999’9999191111991111191,11(1 91999(99991199999111919 91111999 9999991999 9999919911
’ 1111919 919999 99999 99919 99919 919 1199 (99991991 999199 55 9119 99 91991119
91119Δ 99199991 99999 9999 99 1191111919 99999199 9991199 99999991( 9911111
-9919999 99 99111999999991 9919 91191999 91999 999 111919 (99911 9911199991 ¹

9999 91111919, 9111919119( 19199 (1 999· (”, 111( 11191(

‘5¹‘ (ἢ 11111( )11( κ’( 119 911 ‘5 ··1’“”·(κ(·”9
9119911919(οΜ99999919,)99911919(9919(91119ῗ919

( 991999099111911911)911111119999119911119<1199<191
¹ (9999 (119999) 9199999999( 5:5¹5: 9119’1’1(11ς911(1.··,τ·ῑ·1,11(
¹ (1199919119991ε191999 (ε, 9119111 (9999111 1191, ’.11199 919111( 1911
99991991991191( 999111 119919· 9911991· ‘qq ,911 111199119991191
(11( πλ((1101 991 99111( 99( (1.9 5‘2 9911111191(
(’19“·’(1(( (111( 1919( 11911111. 9(···9195(((1·1(·“1 555 91991 ,0555
119( 19111111 «111 “<·“·’11191111·”(<(1··0 1611( ((1111 (1119(
’ (199( (91111191 (1111 9199 1111111 (991)
111((’(11·11(]1·1(11 191( ,(11 1 (11) 91( ν’·τξ
19131( 555 111919( 111( (1191) 11191 111·- 1

“ .11·1ῒῑ·’1(1·(”ἐ11199) 119( 1111111 1999. (οἵω 111( 11- 1111)

51

 

